2000
9,317
18,319
29,322
59,324
66,327
71,330
73,333
104,335
107,338
107,340
110,343
116,345
127,347
138,349
144,351
161,353
164,354
183,355
185,356
217,357
242,358
247,359
252,359
254,359
254,360
257,360
264,360
275,360
284,360
296,360
314,360
322,360
326,360
345,359
348,359
359,359
370,359
385,358
390,358
408,357
411,356
411,356
424,355
435,355
447,354
454,354
468,353
475,353
488,352
499,352
509,351
520,351
532,350
543,349
549,349
577,348
577,348
602,347
618,346
622,345
624,345
628,344
633,343
635,342
650,341
661,340
668,339
711,338
714,336
717,335
719,333
723,332
737,331
737,329
740,328
757,327
764,326
784,325
791,324
797,323
813,321
815,321
841,321
843,322
849,322
869,321
873,321
883,320
883,319
898,318
903,317
917,316
926,315
952,314
977,313
985,312
988,310
993,309
995,308
1000,307
1010,306
1022,305
1033,305
1042,305
1053,304
1053,304
1064,304
1077,303
1084,303
1109,302
1112,301
1117,299
1128,297
1144,295
1147,292
1164,290
1168,287
1184,285
1188,283
1213,280
1218,279
1218,277
1220,276
1240,275
1243,274
1274,272
1277,271
1282,270
1285,268
1319,267
1347,265
1372,264
1390,263
1393,263
1401,262
1403,261
1405,261
1405,261
1409,260
1412,260
1414,260
1417,260
1427,260
1438,260
1448,260
1477,260
1479,259
1482,259
1488,259
1517,259
1522,260
1524,260
1524,261
1533,261
1544,262
1555,263
1563,263
1578,264
1585,265
1596,266
1608,267
1623,268
1627,269
1640,270
1652,271
1660,272
1685,273
1713,274
1724,275
1724,276
1727,278
1729,279
1732,280
1735,280
1747,282
1758,283
1769,284
1781,285
1792,285
1798,286
1810,287
1822,288
1837,289
1840,289
1840,290
1859,291
1862,291
1873,292
1887,292
1895,293
1907,294
1917,294
1949,295
1974,295
1987,296
1989,297
1994,298
1997,299
1999,299
2001,300
2017,301
2019,303
2028,306
2053,307
2078,310
2084,312
2087,314
2089,315
2096,318
2098,319
2129,321
2132,323
2135,325
2140,327
2159,330
2159,332
2174,334
2174,336
2185,339
2193,341
2209,343
2213,346
2233,348
2235,350
2247,352
2275,354
2278,355
2280,356
2292,357
2323,358
2326,359
2332,359
2334,359
2334,359
2344,359
2354,360
2365,359
2377,360
2388,360
2422,360
2448,360
2460,360
2463,359
2467,359
2469,358
2471,357
2478,356
2484,355
2484,354
2494,352
2503,351
2515,350
2526,349
2537,349
2548,348
2557,347
2570,346
2579,345
2591,344
2616,343
2628,342
2630,342
2638,341
2640,340
2669,339
2669,338
2672,338
2674,337
2685,336
2714,336
2717,335
2725,334
2729,334
2740,333
2748,332
2782,332
2808,331
2822,330
2827,329
2829,329
2832,328
2832,327
2834,327
2838,326
2842,325
2855,325
2872,324
2874,324
2891,323
2897,322
2917,322
2919,321
2931,320
2942,320
2952,319
2962,319
2973,318
2973,317
2984,316
2998,316
3002,315
3018,314
3024,313
3043,313
3047,312
3058,311
3068,310
3079,309
3090,308
3101,308
3119,307
3119,307
3153,306
3153,305
3178,305
3198,304
3200,304
3204,303
3209,302
3212,301
3214,301
3217,301
3246,302
3265,303
3268,303
3270,304
3273,304
3283,303
3294,303
3294,302
3303,301
3314,300
3326,299
3337,297
3355,295
3358,293
3367,291
3378,289
3389,287
3401,286
3412,284
3419,283
3437,281
3440,280
3440,279
3452,278
3464,276
3473,276
3484,275
3495,275
3524,275
3549,275
3552,275
3554,275
3560,274
3563,274
3570,274
3582,274
3597,273
3603,273
3614,272
3614,271
3625,271
3637,270
3643,270
3663,269
3665,269
3683,268
3685,268
3697,268
3710,268
3718,268
3729,268
3745,268
3750,268
3766,268
3772,268
3772,269
3785,269
3795,269
3805,269
3817,269
3831,269
3834,270
3851,270
3857,271
3887,271
3913,272
3941,273
3958,273
3963,274
3965,275
3969,276
3969,278
3974,279
3977,280
3979,281
3982,282
3986,283
3997,283
4008,285
4019,286
4030,287
4042,287
4046,289
4064,290
4068,291
4087,292
4087,293
4090,294
4109,295
4112,295
4128,296
4133,297
4148,297
4157,298
4168,299
4177,300
4193,300
4199,301
4213,302
4227,303
4229,305
4256,307
4281,309
4281,312
4293,314
4295,317
4300,320
4303,323
4305,326
4317,329
4329,332
4338,334
4349,337
4361,339
4372,342
4379,344
4393,347
4404,349
4413,351
4413,353
4424,354
4438,356
4442,358
4458,360
4465,362
4483,363
4486,364
4503,364
4507,365
4537,364
4556,364
4563,364
4565,363
4570,363
4573,362
4573,361
4584,360
4595,359
4627,359
4652,358
4661,358
4663,357
4667,357
4672,356
4674,356
4677,355
4689,354
4705,354
4709,353
4728,352
4730,351
4730,351
4751,350
4753,349
4773,348
4775,347
4789,346
4818,345
4821,344
4823,344
4829,343
4841,343
4854,342
4858,341
4874,339
4880,338
4902,337
4902,336
4904,335
4913,334
4942,333
4944,332
4947,331
4959,330
4967,329
4994,328
5020,327
5024,327
5027,326
5032,325
5035,324
5043,323
5043,323
5054,322
5068,321
5072,321
5091,321
5099,320
5107,319
5122,319
5126,318
5144,318
5147,317
5178,316
5192,316
5194,316
5200,315
5203,315
5223,314
5225,314
5227,313
5246,312
5248,312
5257,312
5268,312
5279,311
5291,311
5297,311
5313,311
5317,310
5336,310
5360,309
5387,309
5395,308
5396,308
5398,308
5403,307
5405,307
5408,307
5414,307
5433,307
5437,306
5448,306
5459,305
5473,305
5477,304
5494,303
5498,302
5527,301
5529,300
5532,298
5532,297
5543,295
5572,294
5576,292
5578,290
5584,288
5598,286
5608,285
5619,283
5628,282
5639,281
5650,279
5670,278
5674,277
5684,276
5692,276
5692,276
5703,275
5729,275
5754,274
5769,272
5774,271
5777,270
5779,270
5782,269
5808,267
5834,266
5837,265
5842,264
5844,262
5847,262
5853,260
5855,260
5864,259
5878,259
5882,259
5898,259
5904,259
5923,259
5927,260
5938,260
5949,260
5961,261
5969,262
5981,263
5994,263
6003,264
6010,265
6010,266
6027,267
6033,268
6050,268
6056,270
6067,271
6101,272
6126,273
6137,274
6139,275
6142,277
6145,278
6148,279
6150,280
6162,281
6190,282
6193,283
6194,284
6197,285
6203,286
6216,287
6227,287
6238,288
6249,289
6260,290
6269,290
6283,291
6287,292
6303,293
6312,294
6326,294
6326,295
6329,296
6350,296
6353,297
6370,298
6376,299
6387,300
6415,300
6418,301
6420,302
6449,302
6474,303
6502,303
6522,304
6524,304
6531,304
6533,305
6533,305
6536,306
6539,306
6542,307
6544,308
6547,310
6558,312
6568,314
6579,317
6588,319
6607,322
6610,326
6622,329
6633,333
6645,336
6645,339
6652,342
6663,345
6674,347
6685,350
6697,352
6711,353
6720,355
6727,356
6738,358
6755,358
6759,359
6770,360
6782,360
6793,361
6802,361
6837,361
6837,361
6862,361
6872,361
6877,360
6879,359
6882,359
6884,358
6889,358
6899,357
6910,357
6922,356
6928,356
6939,355
6952,355
6967,355
6967,355
6970,356
6989,357
6992,358
7012,357
7014,357
7031,356
7034,355
7063,354
7068,353
7070,352
7096,351
7108,350
7113,349
7116,348
7125,347
7137,346
7140,345
7147,345
7155,344
7169,344
7173,344
7198,343
7225,342
7232,342
7237,341
7239,340
7242,339
7250,338
7262,337
7273,336
7284,335
7284,334
7295,333
7304,332
7316,330
7327,329
7338,328
7350,327
7356,326
7367,325
7378,325
7390,324
7401,323
7412,322
7421,321
7432,320
7443,319
7454,318
7454,318
7463,316
7478,316
7484,315
7495,313
7507,312
7518,312
7529,311
7540,310
7567,309
7592,307
7604,307
7608,306
7612,305
7614,304
7619,304
7619,304
7623,303
7634,303
7645,303
7657,302
7667,302
7678,302
7689,301
7698,301
7732,301
7745,300
7748,300
7751,300
7754,299
7768,298
7770,297
7770,296
7799,295
7802,294
7804,293
7816,292
7844,290
7847,289
7850,287
7860,286
7869,284
7881,283
7892,281
7900,279
7934,278
7959,276
7959,275
7963,273
7968,272
7973,270
7976,269
7981,267
7991,266
7994,264
8013,263
8016,263
8032,262
8038,262
8058,261
8060,261
8072,260
8083,260
8097,260
8097,260
8103,260
8114,260
8125,260
8139,261
8143,261
8159,262
8167,262
8178,263
8189,263
8201,263
8210,264
8222,267
8234,268
8240,270
8252,271
8252,272
8263,273
8274,273
8299,274
8333,275
8335,275
8339,276
8342,276
8344,277
8350,277
8376,278
8388,278
8395,278
8398,279
8400,280
8418,280
8418,282
8422,283
8433,284
8447,285
8454,286
8465,287
8481,288
8485,289
8502,289
8508,290
8523,291
8533,292
8542,293
8555,293
8559,294
8577,295
8577,295
8580,296
8598,297
8602,298
8621,299
8624,300
8643,301
8668,302
8693,303
8707,303
8714,304
8722,304
8724,304
8727,304
8729,305
8729,305
8733,305
8744,305
8755,305
8767,306
8774,306
8792,306
8801,307
8804,307
8823,308
8827,309
8845,310
8848,312
8868,314
8871,316
8886,318
8891,320
8891,323
8904,325
8916,327
8925,329
8938,332
8947,333
8958,335
8969,336
8980,337
8988,339
9014,340
9039,341
9064,342
9083,343
9086,344
9089,344
9089,345
9093,346
9096,346
9098,347
9100,347
9104,347
9118,347
9128,348
9139,348
9149,348
9160,348
9172,348
9183,348
9194,348
9202,347
9220,347
9220,347
9222,346
9235,346
9250,346
9254,346
9267,345
9296,345
9298,344
9301,344
9308,344
9322,343
9333,343
9337,342
9354,341
9363,341
9374,340
9374,340
9408,339
9433,338
9442,337
9444,336
9447,336
9449,335
9454,335
9458,335
9472,335
9478,335
9490,335
9509,334
9513,334
9522,334
9537,334
9537,335
9543,336
9554,337
9573,338
9578,339
9588,340
9599,340
9607,340
9618,340
9629,340
9656,340
9668,340
9671,340
9673,340
9680,340
9697,339
9697,339
9704,339
9715,338
9727,338
9734,338
9768,337
9793,337
9802,336
9807,335
9809,335
9813,334
9816,333
9825,332
9832,330
9843,329
9852,328
9852,327
9863,325
9892,324
9894,323
9898,321
9909,320
9916,319
9930,318
9937,317
9951,316
9959,315
9970,314
9982,313
9995,312
9999,311
10016,310
10016,310
10022,308
10041,307
10044,307
10055,306
10065,305
10077,304
10089,304
10097,303
10108,302
10139,301
10164,301
10169,300
10174,300
10177,300
10179,300
10179,299
10184,299
10195,299
10207,298
10218,297
10226,297
10243,296
10246,295
10257,294
10268,293
10297,292
10304,291
10308,289
10310,288
10325,287
10325,286
10333,285
10345,284
10356,283
10367,282
10376,281
10387,280
10398,280
10409,279
10420,279
10425,278
10443,278
10447,278
10465,278
10470,277
10499,277
10524,277
10524,276
10537,276
10539,276
10544,275
10548,275
10550,275
10556,274
10567,274
10578,273
10590,273
10600,272
10612,271
10623,271
10631,270
10642,269
10653,268
10653,268
10668,267
10672,266
10693,265
10696,265
10730,265
10732,264
10735,264
10738,264
10752,265
10758,265
10769,265
10785,266
10794,267
10803,267
10814,269
10814,271
10826,273
10832,275
10848,276
10874,277
10899,279
10908,280
10910,281
10938,281
10952,282
10954,283
10957,284
10961,284
10963,284
10965,285
10994,285
10994,286
10997,286
10999,287
11005,288
11019,289
11023,290
11039,291
11047,292
11065,293
11068,295
11079,295
11091,296
11102,297
11112,298
11140,299
11143,300
11143,302
11146,303
11153,304
11182,306
11187,308
11189,311
11197,313
11208,316
11242,319
11267,322
11280,325
11283,327
11287,330
11289,332
11292,334
11294,336
11295,339
11303,341
11332,343
11336,345
11338,347
11344,349
11359,350
11367,352
11388,354
11392,355
11399,356
11410,357
11422,359
11433,359
11445,360
11452,361
11452,361
11463,361
11474,361
11484,361
11500,361
11504,361
11518,361
11527,360
11537,360
11568,359
11594,359
11619,359
11647,358
11652,357
11655,356
11658,355
11659,354
11661,354
11663,353
11665,352
11670,351
11672,350
11675,350
11692,349
11695,348
11714,348
11717,347
11739,346
11742,346
11752,345
11763,344
11763,344
11774,343
11783,342
11794,342
11809,341
11815,341
11830,340
11838,339
11849,339
11861,338
11872,337
11883,336
11889,335
11906,335
11909,334
11928,333
11930,332
11930,331
11946,330
11973,329
11998,328
12009,327
12012,326
12014,324
12019,323
12022,322
12025,321
12042,320
12070,319
12074,318
12078,318
12080,317
12098,316
12098,316
12101,315
12119,314
12123,314
12137,314
12148,315
12158,316
12172,316
12175,316
12209,316
12228,316
12232,316
12234,315
12237,314
12239,313
12256,312
12256,312
12265,311
12277,310
12283,308
12299,307
12303,307
12333,306
12358,305
12378,304
12381,304
12383,303
12386,302
12389,302
12393,300
12403,299
12414,297
12414,295
12426,294
12429,292
12445,290
12458,289
12470,287
12474,286
12490,285
12497,285
12513,284
12517,283
12536,283
12539,282
12558,281
12561,280
12574,279
12574,279
12583,277
12594,276
12606,275
12620,275
12626,274
12637,273
12648,272
12662,272
12666,272
12682,271
12711,271
12738,271
12749,271
12752,271
12752,271
12754,271
12757,271
12761,270
12767,270
12777,270
12791,270
12794,270
12811,269
12839,269
12864,269
12868,269
12873,269
12875,269
12878,269
12880,269
12899,269
12899,268
12902,268
12918,268
12922,268
12940,268
12944,268
12963,268
12965,268
12981,268
12988,269
13001,269
13012,270
13022,270
13033,271
13042,272
13042,273
13053,273
13078,274
13103,275
13114,276
13121,277
13123,278
13126,279
13128,280
13138,281
13149,282
13160,283
13172,284
13180,285
13192,286
13203,287
13211,287
13211,289
13227,290
13233,291
13244,291
13263,292
13268,293
13278,294
13289,295
13301,295
13307,296
13335,297
13337,298
13339,299
13358,300
13361,302
13361,304
13372,307
13386,310
13395,313
13405,316
13417,319
13447,323
13469,326
13494,329
13514,334
13517,338
13520,342
13526,346
13528,349
13530,351
13533,354
13537,355
13537,357
13543,358
13554,359
13565,360
13577,361
13585,362
13601,362
13604,362
13618,362
13629,362
13641,362
13649,362
13666,362
13672,362
13683,362
13683,362
13697,362
13701,361
13720,361
13728,360
13737,359
13747,359
13758,358
13767,357
13796,356
13821,355
13847,354
13854,353
13857,352
13859,352
13863,351
13865,350
13866,349
13868,348
13874,347
13886,346
13904,345
13908,344
13919,342
13927,341
13938,340
13950,338
13961,337
13970,336
13982,335
13992,334
14021,333
14021,332
14023,331
14026,330
14033,329
14051,328
14056,327
14071,327
14077,326
14088,325
14099,325
14111,324
14135,324
14150,323
14152,323
14156,322
14181,322
14181,321
14205,321
14213,321
14216,321
14218,320
14223,320
14226,320
14237,319
14248,319
14259,319
14268,319
14287,318
14292,318
14302,318
14313,317
14324,316
14324,316
14332,316
14359,315
14362,314
14364,314
14376,314
14387,313
14398,313
14407,312
14418,312
14437,312
14441,311
14454,311
14459,310
14476,310
14482,310
14482,309
14493,309
14504,308
14516,308
14549,307
14574,307
14583,306
14586,305
14590,305
14594,304
14597,303
14600,302
14611,301
14639,299
14642,297
14644,295
14644,294
14652,292
14681,291
14685,289
14687,288
14696,286
14709,285
14721,284
14724,283
14741,282
14774,282
14789,283
14792,283
14797,284
14799,283
14802,283
14813,283
14813,283
14827,282
14833,282
14844,282
14864,281
14871,281
14877,280
14891,280
14916,279
14943,278
14956,277
14958,277
14961,276
14967,275
14969,275
14969,274
14972,273
14983,272
14995,271
15005,271
15018,270
15029,270
15034,269
15050,269
15078,268
15081,268
15085,268
15089,267
15103,267
15112,267
15123,268
15123,268
15134,269
15146,270
15153,271
15164,272
15176,274
15190,275
15194,277
15208,278
15219,279
15228,280
15239,280
15251,281
15281,281
15306,282
15314,282
15314,282
15317,283
15319,283
15322,283
15326,283
15338,283
15348,283
15360,284
15365,284
15377,284
15404,284
15430,284
15433,285
15439,285
15442,286
15444,286
15444,287
15453,287
15464,289
15476,289
15487,290
15495,291
15506,292
15517,293
15531,294
15539,295
15550,296
15558,297
15576,299
15579,300
15596,302
15599,304
15599,306
15629,308
15655,310
15682,313
15697,316
15700,319
15703,321
15708,324
15710,327
15713,330
15723,333
15724,336
15730,339
15742,341
15753,343
15764,345
15764,347
15775,349
15787,350
15793,352
15809,353
15813,354
15827,355
15838,355
15848,356
15860,356
15868,357
15879,357
15891,358
15907,358
15912,358
15923,357
15923,356
15933,356
15944,355
15956,355
15967,354
15978,353
15986,352
16023,352
16048,351
16073,351
16086,350
16092,349
16094,348
16097,348
16102,347
16104,347
16104,348
16107,349
16109,349
16113,348
16124,348
16136,347
16147,346
16161,344
16164,344
16180,343
16188,342
16205,341
16209,340
16226,338
16230,337
16242,336
16242,335
16253,334
16262,334
16273,334
16285,333
16316,333
16318,332
16321,332
16327,331
16343,331
16349,330
16361,330
16386,329
16410,329
16417,328
16419,327
16419,327
16422,326
16425,325
16436,324
16447,323
16453,322
16468,321
16477,321
16487,320
16498,319
16509,319
16521,318
16532,317
16543,316
16555,315
16561,314
16575,313
16576,313
16582,312
16593,311
16611,310
16614,310
16626,309
16637,308
16648,307
16657,307
16687,306
16709,305
16712,305
16714,304
16717,304
16721,303
16754,302
16754,302
16779,301
16792,300
16794,299
16799,299
16802,298
16804,297
16810,296
16817,296
16833,295
16837,294
16856,294
16860,293
16874,292
16880,291
16892,290
16892,288
16923,287
16927,286
16929,285
16936,284
16951,283
16957,281
16968,281
16975,280
16992,279
16995,278
17025,277
17027,276
17030,276
17047,275
17047,274
17051,274
17069,273
17072,273
17086,272
17114,271
17140,271
17150,270
17153,270
17156,269
17160,269
17162,268
17171,268
17187,267
17193,267
17204,267
17204,266
17210,266
17227,266
17230,266
17250,265
17253,266
17272,266
17274,266
17295,267
17297,267
17328,268
17347,268
17351,269
17353,269
17356,270
17385,271
17385,274
17387,275
17392,277
17396,278
17407,279
17416,280
17426,281
17437,282
17452,282
17455,283
17487,284
17512,284
17525,284
17527,284
17532,284
17535,285
17535,285
17537,286
17545,286
17556,287
17564,288
17576,289
17589,290
17601,291
17604,292
17621,293
17632,294
17640,294
17651,295
17666,296
17669,296
17692,297
17692,298
17694,299
17706,299
17713,299
17724,300
17736,301
17747,302
17760,303
17767,304
17778,305
17789,307
17801,308
17814,309
17823,311
17857,312
17882,315
17882,317
17884,319
17887,321
17891,324
17902,327
17906,329
17908,332
17925,334
17927,336
17938,338
17949,340
17976,342
17987,343
17992,344
17994,346
18003,347
18017,348
18017,349
18021,351
18037,351
18044,352
18062,353
18066,354
18077,354
18088,355
18101,355
18107,355
18127,355
18129,355
18149,355
18152,355
18163,355
18163,355
18174,355
18186,355
18190,354
18228,354
18253,353
18264,353
18267,353
18269,352
18273,351
18276,351
18279,350
18297,349
18299,349
18311,348
18324,348
18324,347
18332,346
18343,345
18355,345
18366,344
18377,344
18386,343
18397,342
18408,341
18424,340
18427,340
18443,339
18448,338
18464,337
18468,337
18487,336
18491,335
18491,335
18511,334
18513,333
18532,332
18536,331
18550,329
18556,328
18588,327
18613,326
18638,326
18658,325
18661,324
18663,324
18667,323
18669,322
18669,321
18672,321
18674,321
18678,322
18689,323
18693,323
18707,323
18718,323
18727,323
18738,322
18749,322
18762,321
18769,320
18784,319
18791,319
18802,318
18813,316
18813,315
18822,314
18837,313
18847,312
18856,312
18872,311
18874,310
18892,309
18896,309
18914,308
18922,308
18928,308
18960,307
18985,307
18993,307
18993,306
18996,306
18998,305
19001,304
19004,303
19018,302
19027,301
19038,300
19049,298
19061,297
19067,296
19079,295
19091,294
19108,293
19112,292
19126,291
19126,290
19129,288
19144,287
19156,286
19163,285
19187,285
19189,284
19196,283
19214,283
19218,282
19247,281
19264,280
19267,279
19270,279
19274,277
19281,276
19297,275
19297,275
19331,273
19356,272
19365,271
19367,271
19372,270
19376,269
19378,268
19381,268
19395,267
19398,267
19412,266
19423,265
19432,265
19443,265
19454,265
19454,265
19466,265
19473,265
19488,266
19492,266
19506,267
19522,267
19524,268
19539,268
19547,269
19567,270
19570,270
19581,271
19592,271
19603,272
19614,273
19614,273
19626,275
19634,275
19646,276
19657,277
19668,278
19693,280
19720,280
19728,281
19731,283
19739,284
19742,284
19747,286
19751,287
19762,287
19773,288
19773,289
19787,290
19792,291
19811,292
19816,292
19833,293
19837,294
19848,294
19859,295
19867,295
19896,296
19907,297
19910,297
19912,298
19922,299
19922,300
19938,300
19944,300
19956,301
19965,303
19983,304
19987,306
19999,308
